time,x,y,z,phi,theta,psi,x_velocity,y_velocity,z_velocity,phi_velocity,theta_velocity,psi_velocity,rotor_speed1,rotor_speed2,rotor_speed3,rotor_speed4
0.06,0.0,1.37768102049e-15,9.98233936624,6.28318530443,0.0,0.0,0.0,1.37768168879e-13,-0.588788144336,-1.37287522007e-07,0.0,0.0,497.76127727822,498.2295085579253,497.8968615912626,500.1093828841479
0.12000000000000001,0.0,2.6764151466e-13,9.92930962451,6.28318528521,0.0,0.0,0.0,1.55957184468e-11,-1.17927254626,-6.86437608548e-07,0.0,0.0,497.76127727822,498.2295085579253,497.8968615912626,500.1093828841479
0.18,0.0,6.07811787306e-12,9.84074748297,6.28318521932,0.0,0.0,0.0,2.51369558117e-10,-1.77350881573,-1.92202528938e-06,0.0,0.0,497.76127727822,498.2295085579253,497.8968615912626,500.1093828841479
0.23999999999999996,0.0,5.73569861884e-11,9.7163649817,6.28318506006,0.0,0.0,0.0,1.82968570678e-09,-2.37360127813,-4.11862554324e-06,0.0,0.0,497.76127727822,498.2295085579253,497.8968615912626,500.1093828841479
0.3,0.0,3.32044496821e-10,9.55574567484,6.2831847443,0.0,0.0,0.0,8.60549720156e-09,-2.98173307629,-7.55081321249e-06,0.0,0.0,497.76127727822,498.2295085579253,497.8968615912626,500.1093828841479
0.36000000000000004,0.0,1.40651466024e-09,9.35833894206,6.28318419241,0.0,0.0,0.0,3.06836024427e-08,-3.60019856576,-1.24931628507e-05,0.0,0.0,497.76127727822,498.2295085579253,497.8968615912626,500.1093828841479
0.4200000000000001,0.0,4.79623324452e-09,9.12345226122,6.28318330829,0.0,0.0,0.0,9.03602995742e-08,-4.23143904458,-1.92202484825e-05,0.0,0.0,497.76127727822,498.2295085579253,497.8968615912626,500.1093828841479
0.48000000000000015,0.0,1.39477972823e-08,8.85024120669,6.28318197936,0.0,0.0,0.0,2.31373502695e-07,-4.87808303319,-2.80066432564e-05,0.0,0.0,497.76127727822,498.2295085579253,497.8968615912626,500.1093828841479
0.5400000000000001,0.0,3.59130224852e-08,8.53769685763,6.28318007657,0.0,0.0,0.0,5.32572830885e-07,-5.54299256807,-3.91269189695e-05,0.0,0.0,497.76127727822,498.2295085579253,497.8968615912626,500.1093828841479
0.6000000000000002,0.0,8.40114651981e-08,8.18463020295,6.28317745442,0.0,0.0,0.0,1.12743733316e-06,-6.22931731362,-5.28556454443e-05,0.0,0.0,497.76127727822,498.2295085579253,497.8968615912626,500.1093828841479
0.6600000000000003,0.0,1.81885902268e-07,7.78965300839,6.28317395089,0.0,0.0,0.0,2.23130524286e-06,-6.9405587623,-6.94673897379e-05,0.0,0.0,497.76127727822,498.2295085579253,497.8968615912626,500.1093828841479
0.7200000000000003,0.0,3.69484398331e-07,7.35115445633,6.28316938752,0.0,0.0,0.0,4.17878398775e-06,-7.68064742631,-8.92367151622e-05,0.0,0.0,497.76127727822,498.2295085579253,497.8968615912626,500.1093828841479
0.7800000000000004,0.0,7.11674615349e-07,6.86727267046,6.28316356938,0.0,0.0,0.0,7.4746475738e-06,-8.45403678814,-0.000112438180097,0.0,0.0,497.76127727822,498.2295085579253,497.8968615912626,500.1093828841479
0.8400000000000004,0.0,1.31042789699e-06,6.33585997725,6.28315628505,0.0,0.0,0.0,1.28627025497e-05,-9.26581896407,-0.000139346336573,0.0,0.0,497.76127727822,498.2295085579253,497.8968615912626,500.1093828841479
0.9000000000000005,0.0,2.32182670963e-06,5.75444041203,6.28314730664,0.0,0.0,0.0,2.14187621694e-05,-10.1218686778,-0.000170235728607,0.0,0.0,497.76127727822,498.2295085579253,497.8968615912626,500.1093828841479
0.9600000000000005,0.0,3.97958463339e-06,5.1201575164,6.2831363898,0.0,0.0,0.0,3.46762360436e-05,-11.0290244414,-0.00020538089027,0.0,0.0,497.76127727822,498.2295085579253,497.8968615912626,500.1093828841479
1.0200000000000005,0.0,6.62737549034e-06,4.42970984682,6.28312327369,0.0,0.0,0.0,5.47962635615e-05,-11.9953190967,-0.000245056343462,0.0,0.0,497.76127727822,498.2295085579253,497.8968615912626,500.1093828841479
1.0800000000000005,0.0,1.07631255436e-05,3.67927075299,6.28310768104,0.0,0.0,0.0,8.47993280947e-05,-13.0302765435,-0.000289536595381,0.0,0.0,497.76127727822,498.2295085579253,497.8968615912626,500.1093828841479
1.1400000000000006,0.0,1.70996488506e-05,2.86438778206,6.28308931806,0.0,0.0,0.0,0.000128882729648,-14.1452982856,-0.000339096135665,0.0,0.0,497.76127727822,498.2295085579253,497.8968615912626,500.1093828841479
1.2000000000000006,0.0,2.66477845553e-05,1.97985536288,6.28306787452,0.0,0.0,0.0,0.000192859524371,-15.3541734933,-0.000394009433175,0.0,0.0,497.76127727822,498.2295085579253,497.8968615912626,500.1093828841479
1.2600000000000007,0.0,4.08308154508e-05,1.01955197571,6.28304302374,0.0,0.0,0.0,0.000284771789352,-16.6737614469,-0.000454550932425,0.0,0.0,497.76127727822,498.2295085579253,497.8968615912626,500.1093828841479
1.3200000000000007,0.0,6.16428741553e-05,0.0,6.28301442253,0.0,0.0,0.0,0.000415758080277,-18.1249185103,-0.000520995049604,0.0,0.0,497.76127727822,498.2295085579253,497.8968615912626,500.1093828841479
0.06,0.0,7.19908278667e-13,9.98233950914,6.28318385556,0.0,0.0,0.0,7.20119453981e-11,-0.588783379371,-7.26250861033e-05,0.0,0.0,497.76127727822,498.2295085579253,497.8968615912626,500.1093828841479
0.12000000000000001,0.0,1.27820813721e-10,9.92931020881,6.28317791754,0.0,0.0,0.0,6.90192726208e-09,-1.17926259132,-0.000151702561575,0.0,0.0,497.76127727822,498.2295085579253,497.8968615912626,500.1093828841479
0.18,0.0,1.9620620068e-09,9.84074883375,6.28316710053,0.0,0.0,0.0,7.02073702625e-08,-1.77349320821,-0.000237506820784,0.0,0.0,497.76127727822,498.2295085579253,497.8968615912626,500.1093828841479
0.23999999999999996,0.0,1.28958617318e-08,9.71636745308,6.28315099545,0.0,0.0,0.0,3.44055739851e-07,-2.37357951238,-0.000330312213418,0.0,0.0,497.76127727822,498.2295085579253,497.8968615912626,500.1093828841479
0.3,0.0,5.4570427861e-08,9.55574965275,6.28312917676,0.0,0.0,0.0,1.16143727382e-06,-2.98170459713,-0.000430393038265,0.0,0.0,497.76127727822,498.2295085579253,497.8968615912626,500.1093828841479
0.36000000000000004,0.0,1.76238197504e-07,9.35834484738,6.28310120249,0.0,0.0,0.0,3.12443707127e-06,-3.60016276083,-0.00053802353648,0.0,0.0,497.76127727822,498.2295085579253,497.8968615912626,500.1093828841479
0.4200000000000001,0.0,4.74111330093e-07,9.12346055355,6.28306661421,0.0,0.0,0.0,7.21431101036e-06,-4.23139523501,-0.000653477884331,0.0,0.0,497.76127727822,498.2295085579253,497.8968615912626,500.1093828841479
0.48000000000000015,0.0,1.11804787621e-06,8.85025238864,6.28302493702,0.0,0.0,0.0,1.49269051579e-05,-4.87803046242,-0.000777030185386,0.0,0.0,497.76127727822,498.2295085579253,497.8968615912626,500.1093828841479
0.5400000000000001,0.0,2.38729716721e-06,8.53771147986,6.28297567961,0.0,0.0,0.0,2.84403752505e-05,-5.54293038808,-0.000908954462139,0.0,0.0,497.76127727822,498.2295085579253,497.8968615912626,500.1093828841479
0.6000000000000002,0.0,4.71750174323e-06,8.18464887018,6.28291833422,0.0,0.0,0.0,5.0824197916e-05,-6.22924456806,-0.00104952464704,0.0,0.0,497.76127727822,498.2295085579253,497.8968615912626,500.1093828841479
0.6600000000000003,0.0,8.76177132095e-06,7.7896763865,6.28285237665,0.0,0.0,0.0,8.63012110533e-05,-6.94047436538,-0.00119901457292,0.0,0.0,497.76127727822,498.2295085579253,497.8968615912626,500.1093828841479
0.7200000000000003,0.0,1.54694553566e-05,7.35118328089,6.28277726628,0.0,0.0,0.0,0.000140578152596,-7.68055013635,-0.00135769796279,0.0,0.0,497.76127727822,498.2295085579253,497.8968615912626,500.1093828841479
0.7800000000000004,0.0,2.61873151222e-05,6.86730775706,6.28269244608,0.0,0.0,0.0,0.000221265282437,-8.45392517406,-0.00152584841899,0.0,0.0,497.76127727822,498.2295085579253,497.8968615912626,500.1093828841479
0.8400000000000004,0.0,4.2789233343e-05,6.33590223408,6.28259734259,0.0,0.0,0.0,0.000338412752492,-9.26569136246,-0.00170373941168,0.0,0.0,497.76127727822,498.2295085579253,497.8968615912626,500.1093828841479
0.9000000000000005,0.0,6.78425414773e-05,5.75449085547,6.28249136597,0.0,0.0,0.0,0.000505201293523,-10.1217231376,-0.00189164426661,0.0,0.0,497.76127727822,498.2295085579253,497.8968615912626,500.1093828841479
0.9600000000000005,0.0,0.000104821697324,5.12021729028,6.28237390998,0.0,0.0,0.0,0.000738838801529,-11.0288586518,-0.00208983615224,0.0,0.0,497.76127727822,498.2295085579253,497.8968615912626,500.1093828841479
1.0200000000000005,0.0,0.000158383710468,4.42978024682,6.28224435198,0.0,0.0,0.0,0.00106173448793,-11.9951302919,-0.00229858806608,0.0,0.0,497.76127727822,498.2295085579253,497.8968615912626,500.1093828841479
1.0800000000000005,0.0,0.000234724838875,3.6793532575,6.28210205298,0.0,0.0,0.0,0.00150305142864,-13.0300613768,-0.00251817282036,0.0,0.0,497.76127727822,498.2295085579253,497.8968615912626,500.1093828841479
1.1400000000000006,0.0,0.000342045344891,2.86448409192,6.2819463576,0.0,0.0,0.0,0.00210078135477,-14.1450526598,-0.00274886302683,0.0,0.0,497.76127727822,498.2295085579253,497.8968615912626,500.1093828841479
1.2000000000000006,0.0,0.000491159544916,1.979967453,6.28177659415,0.0,0.0,0.0,0.00290454996952,-15.3538923302,-0.00299093108089,0.0,0.0,497.76127727822,498.2295085579253,497.8968615912626,500.1093828841479
1.2600000000000007,0.0,0.000696303644898,1.01968216297,6.28159207456,0.0,0.0,0.0,0.00397945935494,-16.6734383704,-0.00324464914483,0.0,0.0,497.76127727822,498.2295085579253,497.8968615912626,500.1093828841479
1.3200000000000007,0.0,0.000976216526875,0.0,6.28139209446,0.0,0.0,0.0,0.00541142685132,-18.1245454043,-0.00351028913035,0.0,0.0,497.76127727822,498.2295085579253,497.8968615912626,500.1093828841479
0.06,0.0,2.66039798803e-12,9.98233991402,6.28317975992,0.0,0.0,0.0,2.66310606412e-10,-0.588769878636,-0.000278007040742,0.0,0.0,497.76127727822,498.2295085579253,497.8968615912626,500.1093828841479
0.12000000000000001,0.0,4.83616717552e-10,9.92931184245,6.28315728358,0.0,0.0,0.0,2.61437346961e-08,-1.17923511448,-0.000568505474698,0.0,0.0,497.76127727822,498.2295085579253,497.8968615912626,500.1093828841479
0.18,0.0,7.40455517413e-09,9.8407525515,6.28311712331,0.0,0.0,0.0,2.64337839587e-07,-1.77345118094,-0.000871767523529,0.0,0.0,497.76127727822,498.2295085579253,497.8968615912626,500.1093828841479
0.23999999999999996,0.0,4.83166098817e-08,9.71637414789,6.28305850795,0.0,0.0,0.0,1.28293198975e-06,-2.37352225371,-0.00118806510417,0.0,0.0,497.76127727822,498.2295085579253,497.8968615912626,500.1093828841479
0.3,0.0,2.02695906829e-07,9.55576026189,6.28298065,0.0,0.0,0.0,4.28481815886e-06,-2.98163130916,-0.0015176698068,0.0,0.0,497.76127727822,498.2295085579253,497.8968615912626,500.1093828841479
0.36000000000000004,0.0,6.48610240392e-07,9.35836035986,6.28288274571,0.0,0.0,0.0,1.14002726535e-05,-3.60007251519,-0.00186085287193,0.0,0.0,497.76127727822,498.2295085579253,497.8968615912626,500.1093828841479
0.4200000000000001,0.0,1.72842137107e-06,9.1234820184,6.28276397506,0.0,0.0,0.0,2.6030903204e-05,-4.23128695534,-0.00221788516644,0.0,0.0,497.76127727822,498.2295085579253,497.8968615912626,500.1093828841479
0.48000000000000015,0.0,4.03704422699e-06,8.85028092451,6.28262350176,0.0,0.0,0.0,5.32600997845e-05,-4.87790290141,-0.0025890371588,0.0,0.0,497.76127727822,498.2295085579253,497.8968615912626,500.1093828841479
0.5400000000000001,0.0,8.53730512553e-06,8.53774828609,6.28246047335,0.0,0.0,0.0,0.00010034906023,-5.54278209758,-0.00297457889315,0.0,0.0,497.76127727822,498.2295085579253,497.8968615912626,500.1093828841479
0.6000000000000002,0.0,1.6708237959e-05,8.18469524003,6.28227402114,0.0,0.0,0.0,0.000177342784417,-6.22907385972,-0.0033747799625,0.0,0.0,497.76127727822,498.2295085579253,497.8968615912626,500.1093828841479
0.6600000000000003,0.0,3.07338273767e-05,7.789733723,6.2820632603,0.0,0.0,0.0,0.00029781763811,-6.94027925898,-0.00378990948092,0.0,0.0,497.76127727822,498.2295085579253,497.8968615912626,500.1093828841479
0.7200000000000003,0.0,5.37418847917e-05,7.35125311637,6.28182728986,0.0,0.0,0.0,0.000479811896923,-7.68032829126,-0.00422023605457,0.0,0.0,497.76127727822,498.2295085579253,497.8968615912626,500.1093828841479
0.7800000000000004,0.0,9.0105612046e-05,6.86739177735,6.28156519275,0.0,0.0,0.0,0.000746994128915,-8.45367379833,-0.00466602775189,0.0,0.0,497.76127727822,498.2295085579253,497.8968615912626,500.1093828841479
0.8400000000000004,0.0,0.000145824229948,6.33600230909,6.28127603584,0.0,0.0,0.0,0.00113014287457,-9.26540709157,-0.00512755207255,0.0,0.0,497.76127727822,498.2295085579253,497.8968615912626,500.1093828841479
0.9000000000000005,0.0,0.00022900419691,5.75460907818,6.28095886994,0.0,0.0,0.0,0.00166903707126,-10.1214018721,-0.00560507591545,0.0,0.0,497.76127727822,498.2295085579253,497.8968615912626,500.1093828841479
0.9600000000000005,0.0,0.000350469554218,5.12035602714,6.28061272989,0.0,0.0,0.0,0.00241489339285,-11.028495339,-0.00609886554559,0.0,0.0,497.76127727822,498.2295085579253,497.8968615912626,500.1093828841479
1.0200000000000005,0.0,0.00052453959602,4.42994220334,6.28023663457,0.0,0.0,0.0,0.0034335392165,-11.9947186311,-0.00660918655988,0.0,0.0,497.76127727822,498.2295085579253,497.8968615912626,500.1093828841479
1.0800000000000005,0.0,0.000770025542981,3.67954156466,6.27982958691,0.0,0.0,0.0,0.00480958612845,-13.0295934179,-0.00713630385177,0.0,0.0,497.76127727822,498.2295085579253,497.8968615912626,500.1093828841479
1.1400000000000006,0.0,0.00111151696213,2.8647024208,6.27939057401,0.0,0.0,0.0,0.00665198103817,-14.1445182547,-0.00768048157485,0.0,0.0,497.76127727822,498.2295085579253,497.8968615912626,500.1093828841479
1.2000000000000006,0.0,0.00158105602739,1.98022016828,6.2789185671,0.0,0.0,0.0,0.00910147974457,-15.3532783756,-0.00824198310526,0.0,0.0,497.76127727822,498.2295085579253,497.8968615912626,500.1093828841479
1.2600000000000007,0.0,0.00222033758357,1.01997453031,6.27841252167,0.0,0.0,0.0,0.0123408432413,-16.6727277536,-0.00882107100302,0.0,0.0,497.76127727822,498.2295085579253,497.8968615912626,500.1093828841479
1.3200000000000007,0.0,0.00308363210066,0.0,6.27787137744,0.0,0.0,0.0,0.0166089535908,-18.1237155183,-0.00941800697211,0.0,0.0,497.76127727822,498.2295085579253,497.8968615912626,500.1093828841479
